16 0.455093 0.377221 0.273675 0.339272
16 0.732484 0.569137 0.228147 0.646051
0 0.19201 0.11689 0.0703328 0.232337
0 0.423289 0.0854683 0.084728 0.170937
16 0.0976776 0.217471 0.0954189 0.185814
16 0.284647 0.318843 0.0947802 0.255776
0 0.589147 0.0732674 0.0586115 0.146535
16 0.596733 0.417899 0.124935 0.27107
16 0.526064 0.232701 0.0856219 0.129598
0 0.812818 0.0709275 0.0299072 0.122095
0 0.969156 0.157603 0.015955 0.033506
0 0.821559 0.0769064 0.0165468 0.0960053
0 0.918879 0.136827 0.0138029 0.0358178
16 0.569968 0.361337 0.175526 0.385364
